       652           316        2.06     44  15      35.17(3.49) -105.31(13.79)    0.79(0.10)    0.00(0.00)    0.00(0.00)    0.00(0.00)    0.00(0.00)    0.01(0.05)    0.00(0.00)    0.00(0.03) 
       244           336        0.73     18  15      33.94(3.61) -101.41(11.34)    0.00(0.01)    0.00(0.00)    0.00(0.01)    0.00(0.00)    0.00(0.00)    0.79(0.08)    0.00(0.00)    0.00(0.01) 
       178           162        1.10     24  43      34.44(4.00) -102.47(13.34)    0.00(0.00)    0.78(0.08)    0.00(0.00)    0.00(0.00)    0.00(0.00)    0.00(0.00)    0.00(0.00)    0.00(0.00) 
        56            33        1.70     44  45      36.27(4.18) -101.03(9.80)    0.00(0.00)    0.00(0.00)    0.00(0.00)    0.00(0.00)    0.00(0.00)    0.00(0.00)    0.00(0.00)    0.76(0.04) 
        11             5        2.20     49  47      32.82(0.68) -117.96(1.61)    0.00(0.00)    0.00(0.01)    0.00(0.00)    0.00(0.00)    0.00(0.00)    0.00(0.00)    0.00(0.00)    0.91(0.01) 
         3             3        1.00     49  42      25.97(0.74)  -91.42(0.41)    0.00(0.00)    0.00(0.00)    0.00(0.00)    0.00(0.00)    0.00(0.00)    0.00(0.00)    0.00(0.00)    0.81(0.00) 
         3             3        1.00     22  31      37.65(0.52)  -86.21(0.48)    0.00(0.00)    0.00(0.00)    0.00(0.00)    0.00(0.00)    0.00(0.00)    0.56(0.01)    0.00(0.00)    0.21(0.02) 
         3             3        1.00     15  39      45.62(0.19) -122.97(0.07)    0.00(0.00)    0.63(0.02)    0.00(0.00)    0.00(0.00)    0.00(0.00)    0.30(0.02)    0.00(0.00)    0.00(0.00) 
         1             3        0.33     15  36      48.08(0.00) -116.34(0.00)    0.00(0.00)    0.00(0.00)    0.00(0.00)    0.00(0.00)    0.00(0.00)    0.37(0.00)    0.00(0.00)    0.47(0.00) 
         1             1        1.00     33  19      37.56(0.00)  -84.60(0.00)    0.00(0.00)    0.00(0.00)    0.40(0.00)    0.00(0.00)    0.00(0.00)    0.41(0.00)    0.00(0.00)    0.00(0.00) 
         1             1        1.00     15  26      47.96(0.00) -116.14(0.00)    0.19(0.00)    0.00(0.00)    0.00(0.00)    0.00(0.00)    0.00(0.00)    0.57(0.00)    0.00(0.00)    0.00(0.00) 
         1             1        1.00     12  26      47.37(0.00) -131.65(0.00)    0.00(0.00)    0.00(0.00)    0.13(0.00)    0.00(0.00)    0.00(0.00)    0.65(0.00)    0.00(0.00)    0.00(0.00) 
