(10, 12)    array([-1.23405026e-01, -5.42877406e-01,  4.89959697e-01,  5.81276018e-01,         2.97888268e-02,  1.83370575e-03,  4.94584935e-10,  1.18586909e-04,         1.10666347e-01, -4.81643564e-10,  5.15542588e-02])    array([4.28316177e-02, 3.74968722e-03, 5.24065827e-03, 1.05038463e-02,        7.77249563e-03, 2.90243280e-04, 1.03118692e-16, 2.29760703e-06,        1.74747669e-02, 9.85656049e-17, 8.45176198e-03])
(2, 98)    array([-2.03714529e-02,  6.63800276e-01,  1.42412206e-01,  1.51013863e-12,        -2.17242784e-12, -1.57243858e-12, -1.19571361e-12, -1.48283802e-12,         7.07106781e-01, -2.14164997e-12,  2.92642903e-12])    array([2.21646053e-02, 5.09303832e-04, 1.59990512e-02, 3.52209888e-24,        3.12400592e-24, 1.26070426e-25, 2.90625151e-24, 2.52488285e-24,        1.85034111e-25, 8.06043344e-26, 2.64396836e-26])
(6, 51)    array([ 4.45102234e-01, -4.71232553e-01, -2.82530969e-01,  5.01115763e-10,         7.07106876e-01, -2.32015055e-09,  1.75649183e-09,  6.87239145e-10,        -2.54160046e-11, -1.34781152e-09, -1.60087366e-09])    array([0., 0., 0., 0., 0., 0., 0., 0., 0., 0., 0.])
(24, 48)    array([-1.48210658e-02, -5.19654823e-01,  4.46428743e-01,  5.92587016e-03,         6.94697940e-01,  1.12820445e-03,  1.07214140e-08,  1.26065757e-03,         5.82903923e-03, -1.82282940e-08,  5.74454895e-03])    array([3.16811806e-02, 4.32701534e-03, 5.73429674e-03, 1.31979619e-03,        2.05143374e-03, 1.32926465e-04, 2.40132582e-14, 3.35310409e-04,        1.31775774e-03, 7.04123252e-14, 8.30677337e-04])
(10, 38)    array([-6.10064267e-01, -2.48386915e-01,  2.57147161e-01,  2.59618362e-11,         7.07107395e-01,  4.73772701e-11, -6.36973421e-11, -8.60095508e-12,         4.61642243e-11,  3.79047348e-11,  2.07828119e-11])    array([0., 0., 0., 0., 0., 0., 0., 0., 0., 0., 0.])
(15, 63)    array([-2.94545105e-01, -4.95673105e-01,  5.55855271e-01,  9.16599352e-07,         4.39686531e-01,  4.27607188e-09,  6.17546893e-09, -1.39291616e-09,         3.52701817e-01, -2.16716848e-08,  1.28569883e-02])    array([5.88505442e-05, 3.40260925e-03, 3.92234063e-03, 3.56931428e-12,        1.57781282e-02, 1.48673953e-16, 3.02556642e-16, 1.48701832e-17,        1.58733491e-02, 4.27883723e-15, 1.65287418e-03])
(13, 33)    array([ 5.53122613e-01,  8.30795259e-02,  6.07680644e-01,  5.52236492e-02,         3.33523458e-01, -4.06897331e-08,  3.72537084e-08,  4.55865946e-08,         4.37164078e-01, -3.96863254e-08, -7.41039626e-09])    array([8.52444299e-05, 1.92911258e-06, 1.02826199e-04, 6.09812757e-03,        6.00571680e-03, 3.31131190e-15, 2.77567394e-15, 4.15627550e-15,        1.83578681e-04, 3.15001241e-15, 1.09827536e-16])
(24, 28)    array([ 4.76864976e-01,  6.40618004e-02,  5.20443764e-01,  2.69451516e-10,         7.01853507e-01,  2.10280742e-11, -6.29745907e-15, -8.89949285e-16,         9.35866304e-03,  4.53891585e-15,  3.11959508e-13])    array([6.99233801e-04, 2.33267888e-03, 6.08561209e-04, 9.04999281e-19,        3.20155433e-04, 8.39649161e-21, 7.56444833e-28, 1.42689023e-29,        9.87609235e-04, 3.83299129e-28, 1.19146971e-25])
(18, 92)    array([-4.86181900e-01,  3.40894303e-01, -4.60823647e-01, -1.32506803e-13,        -2.56805736e-12, -2.00925971e-12,  1.33581334e-12,  6.51062510e-01,         1.00562530e-01, -1.96486005e-12, -1.19541336e-12])    array([4.50434657e-05, 2.21448994e-05, 4.04672542e-05, 1.48596568e-26,        6.60844494e-24, 4.02889866e-24, 1.76426147e-24, 2.57983825e-04,        6.98946561e-04, 3.87051634e-24, 1.43085357e-24])
(21, 8)    array([-4.25416858e-02, -6.57954122e-01,  5.84890791e-01,  2.75280025e-01,         1.93395253e-13,  2.34107360e-01,  3.18927939e-20,  6.07807234e-21,         2.94137442e-01,  1.13067010e-20,  7.80202402e-02])    array([0., 0., 0., 0., 0., 0., 0., 0., 0., 0., 0.])
(22, 21)    array([-1.05665369e-01, -3.25365944e-01,  6.18848511e-01,  2.07104429e-06,         1.04541341e-09,  7.07105616e-01, -1.07802262e-09, -9.19479575e-10,         7.43313307e-07, -1.11611792e-09, -7.49472325e-10])    array([0., 0., 0., 0., 0., 0., 0., 0., 0., 0., 0.])
(28, 88)    array([ 3.27071787e-04, -5.25935691e-01,  4.39863395e-01, -1.79568190e-10,         9.32846730e-11, -6.59174246e-11, -1.37337076e-10,  7.04874123e-01,         4.30778692e-03,  1.02668753e-10,  5.69600294e-11])    array([1.88735401e-02, 7.61648587e-03, 6.39083197e-03, 2.25659826e-19,        6.13468976e-20, 3.03127104e-20, 1.32302786e-19, 3.48933125e-05,        1.29898974e-04, 7.35960982e-20, 2.28839811e-20])
(25, 11)    array([ 2.03964186e-02, -4.95300804e-01,  4.68956356e-01,  2.16377726e-06,         6.85299578e-11,  7.03683116e-01,  1.09573743e-10,  3.54992764e-11,         6.25270666e-03, -5.40218819e-12,  1.53462532e-06])    array([3.37112008e-02, 3.02742132e-03, 1.69149604e-03, 1.10036396e-11,        6.57200554e-20, 1.62831787e-04, 1.68013768e-19, 1.76364910e-20,        5.39060986e-04, 4.08438978e-22, 6.92880813e-12])
(33, 71)    array([ 4.82857260e-01,  7.58162580e-02,  5.37498766e-01,  4.35933120e-03,         5.69864759e-07,  6.70986560e-01, -7.51158772e-09,  1.52376330e-09,         3.50368481e-02, -4.50890923e-09,  1.69543051e-02])    array([7.85105033e-04, 1.04535949e-03, 9.89401273e-04, 2.90046068e-04,        6.40197328e-12, 5.95907307e-03, 2.25761210e-15, 8.35728243e-17,        8.27025485e-03, 7.49242628e-16, 3.09960162e-03])
(28, 1)    array([ 1.28721455e-01, -5.90229138e-01,  5.42471352e-01,  2.44749062e-04,         6.85454807e-11,  4.00558766e-01,  2.06720132e-14,  8.86155841e-15,         4.05347840e-01,  1.95944962e-14,  1.03471454e-02])    array([4.82949729e-03, 1.13304239e-03, 1.22524550e-03, 4.16426931e-07,        3.28841494e-20, 3.02473777e-03, 3.35422449e-27, 5.56504894e-28,        4.96185206e-03, 2.71622626e-27, 7.49073512e-04])
(35, 15)    array([ 5.02080671e-01,  2.16188540e-02,  4.88982282e-01,  2.76213840e-03,         4.68816459e-10,  9.14428899e-07, -5.78313683e-12, -3.31817446e-12,         1.51043317e-07,  1.90268822e-12,  7.05433859e-01])    array([2.05725468e-03, 5.94708955e-03, 1.96510757e-03, 5.34058558e-04,        3.30111821e-19, 3.22164994e-11, 9.03929677e-22, 4.49030805e-22,        1.59697450e-12, 3.13514019e-21, 1.95884247e-04])
(32, 83)    array([ 1.10820723e-01, -7.38343556e-01,  3.92925210e-01,  2.97607411e-12,        -4.26135865e-13, -1.54056815e-12, -1.20939624e-12,  3.97033334e-01,        -2.19710372e-13,  9.92583334e-02,  3.47404167e-01])    array([0., 0., 0., 0., 0., 0., 0., 0., 0., 0., 0.])
(38, 51)    array([ 2.27725822e-01, -7.83015692e-01,  4.11587302e-02,  1.52697039e-10,         4.08248300e-01,  1.29857628e-09, -4.42518683e-10, -8.27661790e-12,         4.08248283e-01, -3.97779729e-10,  2.25561554e-10])    array([0., 0., 0., 0., 0., 0., 0., 0., 0., 0., 0.])
(42, 22)    array([-5.25454772e-01,  6.60598130e-02, -4.68543898e-01,  2.65532781e-11,         7.42904978e-12,  2.17776167e-11,  1.70231690e-11,  1.99713649e-13,         7.07106781e-01,  2.18955824e-11, -1.46521626e-11])    array([0., 0., 0., 0., 0., 0., 0., 0., 0., 0., 0.])
(65, 60)    array([-5.89249501e-02, -5.38516274e-01,  4.71726676e-01,  1.74076354e-02,         1.70495616e-02,  1.85321050e-02,  2.19790712e-09,  8.20601142e-04,         5.97389299e-02,  1.12286777e-03,  6.28231546e-01])    array([2.63851140e-02, 5.76536491e-03, 6.32453626e-03, 4.33286813e-03,        5.66459841e-03, 3.89068448e-03, 3.52625518e-16, 9.47385448e-05,        1.65394606e-02, 9.06131807e-05, 1.57313364e-02])
(58, 28)    array([-4.97210237e-01,  2.91911442e-01, -4.28345409e-01, -1.19241306e-13,         6.53965108e-01,  3.81752770e-12, -5.29966344e-12,  2.24746164e-12,         8.53465436e-02, -5.62251190e-12,  1.85189998e-12])    array([3.62454247e-03, 2.14721339e-02, 7.07014681e-03, 8.27022936e-25,        5.02194547e-03, 2.92210293e-23, 7.69920332e-23, 2.91396022e-23,        1.19467367e-02, 7.04649322e-23, 6.59304064e-24])
(55, 48)    array([-6.18300049e-01, -2.63187142e-01,  2.53617849e-01,  1.57465331e-13,         1.01110769e-07,  2.47081011e-02, -3.49495309e-15, -1.18989317e-13,         2.70855804e-12,  1.69436152e-13,  6.93779614e-01])    array([1.35579317e-04, 4.38242514e-04, 2.48920857e-05, 5.00144691e-26,        2.04467752e-14, 1.22098044e-03, 2.76408156e-29, 2.85014175e-26,        1.46642155e-23, 5.69341279e-26, 3.55226741e-04])
(57, 91)    array([-6.10119757e-01, -2.47623721e-01,  2.57751299e-01, -1.54903350e-09,         2.20968465e-09,  2.55364124e-07,  1.63549556e-09,  1.52852672e-09,         7.07105899e-01, -2.11376384e-09,  1.52258287e-06])    array([5.39437862e-09, 1.15535346e-06, 7.30104904e-07, 4.79755051e-18,        9.74048082e-18, 3.12022190e-14, 5.33260225e-18, 4.67496690e-18,        3.97758599e-13, 8.96040598e-18, 1.15223093e-12])
(58, 41)    array([-2.61695469e-01,  5.39887969e-01, -3.74214460e-01,  3.49096455e-12,         5.27138659e-11, -1.62262341e-12, -1.45539989e-12, -2.71072447e-13,         7.07106781e-01,  1.68871189e-12,  8.75750052e-11])    array([0., 0., 0., 0., 0., 0., 0., 0., 0., 0., 0.])
(59, 98)    array([-6.95569212e-01, -2.93089203e-01,  2.91364573e-01,  3.37746974e-01,        -3.72072722e-10,  6.23049886e-08,  3.54041164e-09,  3.34364056e-09,         4.71395490e-01,  7.83189756e-10,  7.79805133e-07])    array([1.47888808e-05, 1.30429581e-04, 5.29048576e-08, 4.96984198e-03,        1.38499110e-19, 4.76997476e-15, 1.25348456e-17, 1.11793175e-17,        3.98703646e-03, 6.13265371e-19, 5.97752891e-13])
(78, 88)    array([-1.32322340e-02, -5.46075107e-01,  4.42582221e-01,  3.08176148e-02,         3.98335722e-03,  7.38938793e-03,  3.90731095e-09,  2.68867295e-04,         6.68748545e-01,  4.25477933e-04,  1.60611775e-02])    array([2.65966025e-02, 5.24408856e-03, 4.72677816e-03, 8.62645996e-03,        6.76453344e-04, 1.93293069e-03, 6.57007807e-15, 1.17710161e-05,        6.63766121e-03, 3.83748788e-05, 2.75371511e-03])
(59, 94)    array([-6.89432511e-01, -2.80711513e-01,  2.90609749e-01,  6.53162988e-07,        -1.27169459e-09,  3.32938559e-02,  1.34238168e-09, -2.38371244e-09,         5.66053041e-01, -2.37441524e-09,  1.99763128e-01])    array([0., 0., 0., 0., 0., 0., 0., 0., 0., 0., 0.])
(75, 18)    array([ 3.13053937e-02, -6.78330454e-01,  4.10613150e-01,  1.39960740e-02,         4.09684987e-01, -1.11205544e-10, -4.73161631e-10,  2.87108226e-10,         3.36894015e-03, -1.58138420e-10,  3.77453984e-01])    array([1.02690768e-02, 1.80569274e-03, 5.71608735e-03, 1.18324066e-03,        2.09198015e-02, 2.19148901e-19, 9.08860633e-19, 7.68147160e-19,        1.47379419e-04, 5.04677467e-18, 1.97227924e-02])
(69, 38)    array([-5.37133974e-01,  3.59892444e-01, -3.94026428e-01,  6.32105545e-01,         1.20178141e-09, -9.44801259e-13, -1.55698086e-11, -8.74436817e-12,         1.31068006e-01, -1.41413485e-11,  4.47924594e-08])    array([5.31715920e-03, 2.43726574e-03, 1.45539982e-03, 2.21764078e-04,        5.56770581e-19, 3.07012870e-23, 1.47077126e-22, 4.04955963e-22,        5.39864893e-04, 3.22438884e-24, 2.00307912e-15])
(69, 44)    array([ 4.12132431e-02, -6.09443158e-01,  6.00378634e-01,  1.33003251e-05,         2.46065606e-01,  3.16171983e-08,  1.65403922e-07, -1.10852691e-07,         3.58549105e-01,  9.26661498e-08,  2.55075183e-01])    array([5.47158874e-03, 2.85858770e-05, 1.27802860e-05, 1.76883708e-10,        4.37111060e-03, 9.99645149e-16, 2.73584573e-14, 1.23127390e-14,        2.15082200e-03, 8.58701531e-15, 2.22021486e-04])
(73, 28)    array([ 4.07915402e-01, -2.33529573e-02,  5.77113228e-01,  4.55048997e-08,        -6.41097438e-09,  5.17240654e-08,  8.04164993e-08, -3.71050375e-08,         6.18583690e-08,  7.07106772e-01, -7.50663584e-08])    array([0., 0., 0., 0., 0., 0., 0., 0., 0., 0., 0.])
(83, 38)    array([ 4.90876252e-01,  9.04148310e-02,  5.61804056e-01,  6.13555517e-01,         2.61165491e-02,  2.51012453e-04, -2.34866789e-08, -4.97829105e-08,         1.08402944e-01, -4.53105206e-08,  5.17755698e-03])    array([1.54773647e-03, 1.26122758e-03, 1.65136097e-03, 1.30413797e-02,        5.10073954e-03, 3.18593588e-06, 3.78024641e-14, 1.61418250e-13,        2.33249417e-02, 3.94024139e-13, 4.00780217e-04])
(72, 43)    array([ 4.91226909e-01, -5.38114152e-02,  6.64067486e-01,  4.47454454e-01,         9.18183678e-06, -5.51079737e-13, -5.68163630e-13,  2.65424102e-07,         4.47693383e-02,  4.94937749e-13,  3.35551854e-01])    array([0., 0., 0., 0., 0., 0., 0., 0., 0., 0., 0.])
(76, 53)    array([-1.12186779e-01, -6.72331880e-01,  4.22171753e-01,  3.18960960e-06,         7.92010421e-14,  1.18923423e-06,  3.93087906e-20,  5.27186669e-07,         5.34362013e-01,  1.59269835e-19,  2.67604595e-01])    array([0., 0., 0., 0., 0., 0., 0., 0., 0., 0., 0.])
(77, 49)    array([-3.57273711e-01, -5.78792342e-01,  5.30717662e-01,  2.79274387e-01,         7.96226890e-11,  1.81849650e-05,  1.51040192e-15,  2.68028554e-07,         2.45345649e-01,  2.75419425e-15,  3.38167788e-01])    array([2.58369206e-05, 1.45946976e-05, 5.47212002e-05, 1.96051438e-03,        6.33969317e-21, 3.24447345e-10, 2.28131510e-30, 6.17469701e-14,        8.71339593e-04, 7.58558772e-30, 2.20552644e-04])
(77, 70)    array([-2.97016926e-01, -4.77352538e-01,  4.28853727e-01,  1.07908801e-08,         2.39362936e-19, -3.11939012e-19,  7.07106768e-01,  1.40324532e-15,         7.70272995e-09,  3.50787694e-15,  1.46983837e-08])    array([0., 0., 0., 0., 0., 0., 0., 0., 0., 0., 0.])
(78, 46)    array([-1.66028823e-01, -4.22145284e-01,  6.72601566e-01,  5.15420449e-01,         1.83268276e-06,  3.00039395e-12, -5.72045509e-18,  3.79094224e-11,         2.57790594e-01, -1.30932984e-17,  4.16095170e-02])    array([2.13300690e-03, 2.82769300e-03, 8.46240853e-04, 3.64466620e-04,        3.35869150e-12, 9.00059806e-24, 3.27399516e-35, 3.40632537e-22,        8.95731113e-05, 1.71459124e-34, 1.72835966e-03])
(79, 52)    array([ 1.14198618e-01, -7.52333830e-01,  4.15695538e-01,  5.08389490e-02,         7.66829709e-10,  3.38846545e-02, -2.00832173e-16,  1.01653962e-01,         3.06547044e-01,  1.80882396e-16,  3.74315799e-01])    array([0., 0., 0., 0., 0., 0., 0., 0., 0., 0., 0.])
(81, 50)    array([ 1.15254809e-01, -6.15090399e-01,  5.97053326e-01,  2.47108945e-01,         3.06117496e-06,  9.56105268e-07,  2.73381701e-14,  2.86790440e-06,         3.08903907e-01, -9.72556909e-14,  3.08906136e-01])    array([0., 0., 0., 0., 0., 0., 0., 0., 0., 0., 0.])
(83, 54)    array([ 1.74867809e-01, -6.07707343e-01,  5.55705969e-01,  2.34229101e-05,         2.34095728e-02,  9.73857183e-02,  1.16763763e-10,  3.07100408e-05,         3.90524264e-01,  6.83783944e-06,  3.30550862e-01])    array([9.31572410e-06, 1.26241237e-04, 2.43272981e-04, 5.92754854e-10,        1.62883661e-03, 9.72941335e-03, 3.84984672e-20, 2.82926636e-09,        1.22375817e-03, 1.40263838e-10, 6.53800725e-03])
(81, 69)    array([ 6.78111666e-02, -6.90351829e-01,  4.63485357e-01,  1.00517594e-01,        -2.65007840e-09, -6.23119490e-09,  2.67958508e-09,  2.01025740e-01,         3.01538764e-02,  5.02566344e-01,  4.73047396e-06])    array([0., 0., 0., 0., 0., 0., 0., 0., 0., 0., 0.])
(82, 63)    array([ 3.32487606e-01, -6.11259300e-01,  1.25773421e-01,  2.26969255e-06,        -3.92467129e-18,  2.20229489e-06, -8.02355609e-18,  7.12054920e-13,         1.28810364e-06,  7.07103321e-01,  4.83904999e-06])    array([0., 0., 0., 0., 0., 0., 0., 0., 0., 0., 0.])
(83, 75)    array([ 1.25990692e-02, -6.47686163e-01,  4.74159169e-01,  5.86918540e-05,        -9.26866427e-12, -3.70023191e-12, -7.46189906e-12,  3.35415074e-01,         4.75858181e-01,  3.28842654e-06,  8.28301832e-06])    array([6.77591864e-03, 1.97907574e-03, 4.96295049e-03, 6.30665739e-09,        1.58075586e-22, 2.14302014e-23, 1.06913519e-22, 1.57089494e-03,        1.28385062e-03, 2.16227520e-11, 4.13521703e-11])
(89, 64)    array([-5.55512054e-04, -5.27577682e-01,  4.49988911e-01,  5.32145728e-07,         1.94573740e-10,  9.94744020e-07, -3.35876054e-10,  1.76555346e-07,         2.93336632e-02,  6.89312770e-01,  1.54192930e-06])    array([2.59140298e-02, 6.15801891e-03, 4.25830142e-03, 4.06117405e-12,        1.41027016e-18, 1.11576717e-11, 2.26137665e-18, 6.43723803e-13,        4.91292176e-03, 1.91562926e-03, 1.81740729e-11])
(89, 56)    array([ 1.80718941e-01, -5.84631316e-01,  5.40572952e-01,  4.08246648e-01,         2.63988957e-06,  2.61048345e-06, -2.87820221e-08,  1.00568826e-08,         5.26192904e-06,  4.08243122e-01,  2.34328672e-06])    array([0., 0., 0., 0., 0., 0., 0., 0., 0., 0., 0.])
(94, 24)    array([ 3.59912015e-01, -4.85390362e-01, -3.40410878e-01, -5.15867788e-13,         3.50423727e-12, -3.29947013e-12,  2.76495603e-12,  8.08643573e-13,         7.07106781e-01, -3.65096065e-12, -2.72184770e-12])    array([1.31812148e-02, 1.55638551e-03, 4.24237130e-03, 1.96728931e-25,        1.12923107e-23, 1.16743687e-23, 7.35078680e-24, 6.08426790e-25,        5.05690686e-24, 1.28353630e-23, 8.06379464e-24])
(96, 19)    array([ 6.92354762e-01,  1.43253383e-01, -1.11063742e-02, -5.72384268e-21,        -2.19189872e-21, -8.37557909e-20,  2.32285631e-20, -6.68708880e-20,         7.07106781e-01, -3.22689645e-20, -7.53103850e-20])    array([0., 0., 0., 0., 0., 0., 0., 0., 0., 0., 0.])
(98, 89)    array([ 4.82463601e-01,  7.37603570e-02,  5.43268521e-01,  2.49462264e-03,        -3.58148417e-08, -3.29903031e-08, -2.33261425e-08,  3.45628216e-09,         6.61929679e-01,  1.98455337e-08,  6.73912947e-02])    array([1.03472097e-03, 1.36836605e-03, 1.13989106e-03, 1.92645776e-04,        1.10700352e-13, 9.15818014e-14, 4.68682061e-14, 8.62892709e-16,        6.77823670e-03, 3.42524694e-14, 1.34350272e-02])
(99, 55)    array([ 3.24493232e-01, -5.36943697e-01, -3.26183398e-01,  1.22488316e-14,         5.40363221e-15,  7.07106781e-01, -4.51197760e-15,  1.79751812e-14,        -7.47205781e-15,  3.44597749e-13,  7.06846297e-15])    array([0., 0., 0., 0., 0., 0., 0., 0., 0., 0., 0.])
