       385           299        1.29     10  41      38.06(2.40) -106.45(2.25)    0.67(0.15)    0.07(0.01)    0.01(0.00)    0.00(0.00)    0.00(0.00)    0.18(0.13)    0.01(0.00)    0.05(0.02) 
       275           211        1.30     44  25      40.90(1.30)  -85.32(2.58)    0.75(0.04)    0.07(0.01)    0.01(0.00)    0.00(0.00)    0.00(0.00)    0.12(0.03)    0.01(0.00)    0.05(0.02) 
       189           187        1.01     21  16      38.68(2.31)  -91.41(4.42)    0.29(0.01)    0.09(0.00)    0.01(0.00)    0.00(0.00)    0.00(0.00)    0.53(0.02)    0.01(0.00)    0.06(0.01) 
       127           170        0.75     36  39      39.05(1.72)  -90.77(3.49)    0.32(0.01)    0.42(0.02)    0.01(0.00)    0.00(0.00)    0.00(0.00)    0.16(0.01)    0.01(0.00)    0.07(0.01) 
        99           150        0.66      5   7      39.06(1.63)  -94.95(4.05)    0.35(0.01)    0.11(0.01)    0.01(0.00)    0.00(0.00)    0.00(0.00)    0.18(0.02)    0.01(0.00)    0.33(0.01) 
        52            58        0.90     45   8      39.62(2.15) -103.19(1.36)    0.33(0.02)    0.39(0.05)    0.01(0.00)    0.00(0.00)    0.00(0.00)    0.19(0.06)    0.01(0.00)    0.07(0.00) 
        44            35        1.26      3  23      34.44(0.49)  -92.82(3.38)    0.72(0.04)    0.08(0.01)    0.01(0.00)    0.00(0.00)    0.00(0.00)    0.13(0.02)    0.01(0.00)    0.05(0.01) 
        27            86        0.31     36   6      39.12(0.84)  -94.24(3.03)    0.41(0.02)    0.12(0.01)    0.13(0.00)    0.00(0.00)    0.01(0.00)    0.24(0.04)    0.01(0.00)    0.08(0.01) 
        15            42        0.36     14  28      38.72(0.45)  -95.09(1.97)    0.42(0.00)    0.13(0.00)    0.02(0.00)    0.00(0.00)    0.01(0.00)    0.21(0.00)    0.12(0.00)    0.09(0.00) 
        10            31        0.32     23  34      38.51(0.70)  -94.68(1.03)    0.43(0.02)    0.13(0.01)    0.02(0.00)    0.00(0.00)    0.08(0.00)    0.24(0.03)    0.01(0.00)    0.09(0.00) 
         9            16        0.56     48  46      34.34(0.64)  -90.36(2.00)    0.37(0.12)    0.09(0.01)    0.01(0.00)    0.00(0.00)    0.00(0.00)    0.38(0.06)    0.01(0.01)    0.13(0.06) 
         9            14        0.64     29  22      41.03(0.41)  -84.50(0.86)    0.31(0.03)    0.09(0.00)    0.01(0.00)    0.00(0.00)    0.00(0.00)    0.47(0.02)    0.01(0.00)    0.11(0.04) 
         5             8        0.62     20   3      42.22(0.10) -104.43(0.21)    0.32(0.00)    0.10(0.01)    0.01(0.00)    0.00(0.00)    0.00(0.00)    0.48(0.01)    0.01(0.00)    0.07(0.00) 
         3             5        0.60     18   0      43.34(0.15) -107.22(0.55)    0.48(0.01)    0.08(0.01)    0.01(0.00)    0.00(0.00)    0.00(0.00)    0.36(0.02)    0.01(0.00)    0.07(0.02) 
         3             2        1.50      0  14      34.77(0.00)  -90.68(0.00)    0.32(0.00)    0.10(0.00)    0.05(0.00)    0.00(0.00)    0.00(0.00)    0.27(0.00)    0.01(0.00)    0.24(0.00) 
         2             4        0.50     44  49      35.81(0.40)  -94.01(2.74)    0.32(0.01)    0.20(0.02)    0.01(0.00)    0.00(0.00)    0.00(0.00)    0.17(0.01)    0.01(0.00)    0.29(0.01) 
         2             4        0.50     26  46      42.88(0.03) -107.08(0.22)    0.50(0.01)    0.28(0.01)    0.01(0.00)    0.00(0.00)    0.00(0.00)    0.14(0.00)    0.01(0.00)    0.06(0.00) 
         2             3        0.67     28   0      37.83(0.01) -103.61(0.03)    0.28(0.00)    0.09(0.00)    0.06(0.00)    0.00(0.00)    0.00(0.00)    0.51(0.00)    0.01(0.00)    0.06(0.00) 
         2             3        0.67     23   0      44.47(0.14) -101.04(0.70)    0.45(0.04)    0.10(0.00)    0.01(0.00)    0.00(0.00)    0.00(0.00)    0.36(0.03)    0.01(0.00)    0.07(0.00) 
         2             2        1.00     33   0      38.89(0.00)  -96.48(0.00)    0.46(0.00)    0.14(0.00)    0.02(0.00)    0.04(0.00)    0.01(0.00)    0.23(0.00)    0.01(0.00)    0.10(0.00) 
         2             2        1.00     19  49      42.97(0.00) -107.36(0.00)    0.59(0.00)    0.08(0.00)    0.01(0.00)    0.00(0.00)    0.00(0.00)    0.14(0.00)    0.01(0.00)    0.16(0.00) 
         1             2        0.50     34  15      40.21(0.00)  -91.24(0.00)    0.35(0.00)    0.11(0.00)    0.10(0.00)    0.00(0.00)    0.00(0.00)    0.18(0.00)    0.01(0.00)    0.25(0.00) 
         1             2        0.50     27  49      38.72(0.00) -111.17(0.00)    0.64(0.00)    0.21(0.00)    0.01(0.00)    0.00(0.00)    0.00(0.00)    0.10(0.00)    0.01(0.00)    0.04(0.00) 
         1             1        1.00     32  49      38.25(0.00) -105.59(0.00)    0.29(0.00)    0.28(0.00)    0.01(0.00)    0.00(0.00)    0.00(0.00)    0.15(0.00)    0.01(0.00)    0.25(0.00) 
