       268           148        1.81     36  27      40.32(2.22)  -85.42(2.44)    0.75(0.04)    0.07(0.01)    0.01(0.00)    0.00(0.00)    0.00(0.00)    0.12(0.03)    0.01(0.00)    0.05(0.01) 
       265           178        1.49     43  40      36.53(1.07) -106.29(3.53)    0.72(0.05)    0.07(0.01)    0.01(0.00)    0.00(0.00)    0.00(0.00)    0.14(0.06)    0.01(0.00)    0.05(0.01) 
       238           235        1.01     16  21      38.61(2.21)  -93.98(6.61)    0.30(0.01)    0.09(0.00)    0.01(0.00)    0.00(0.00)    0.00(0.00)    0.53(0.02)    0.01(0.00)    0.06(0.01) 
       167           160        1.04     41   6      39.38(1.50)  -94.94(6.45)    0.32(0.01)    0.42(0.01)    0.01(0.00)    0.00(0.00)    0.00(0.00)    0.16(0.00)    0.01(0.00)    0.07(0.00) 
        59           103        0.57      3  38      40.33(1.09)  -94.77(4.35)    0.35(0.01)    0.11(0.01)    0.01(0.00)    0.00(0.00)    0.00(0.00)    0.18(0.02)    0.01(0.00)    0.32(0.02) 
        58            58        1.00     30  43      42.68(0.82) -106.06(2.24)    0.69(0.02)    0.09(0.01)    0.01(0.00)    0.00(0.00)    0.00(0.00)    0.14(0.01)    0.01(0.00)    0.06(0.00) 
        35            59        0.59      2  15      37.49(0.41)  -96.48(3.66)    0.35(0.01)    0.11(0.00)    0.01(0.00)    0.00(0.00)    0.00(0.00)    0.18(0.01)    0.01(0.01)    0.33(0.01) 
        23             6        3.83     36  38      39.54(0.09) -101.87(0.07)    0.82(0.00)    0.05(0.00)    0.01(0.00)    0.00(0.00)    0.00(0.00)    0.08(0.00)    0.00(0.00)    0.03(0.00) 
        18            49        0.37     21  35      38.97(0.58)  -94.55(1.79)    0.42(0.00)    0.13(0.00)    0.02(0.00)    0.00(0.00)    0.01(0.00)    0.22(0.01)    0.12(0.00)    0.09(0.00) 
        15            14        1.07     48  16      35.28(0.42)  -92.02(1.72)    0.34(0.01)    0.38(0.01)    0.01(0.00)    0.00(0.00)    0.00(0.00)    0.17(0.00)    0.01(0.00)    0.07(0.01) 
        14            39        0.36     31  14      39.31(0.46)  -95.18(2.64)    0.42(0.00)    0.13(0.00)    0.13(0.00)    0.00(0.00)    0.01(0.00)    0.21(0.00)    0.01(0.00)    0.09(0.00) 
         8            30        0.27      8   2      38.65(0.57)  -94.58(0.66)    0.44(0.01)    0.13(0.01)    0.02(0.00)    0.00(0.00)    0.08(0.00)    0.24(0.02)    0.01(0.00)    0.09(0.00) 
         5             7        0.71     13  48      42.19(0.11) -105.57(0.34)    0.30(0.01)    0.32(0.02)    0.01(0.00)    0.00(0.00)    0.00(0.00)    0.29(0.03)    0.01(0.00)    0.06(0.00) 
         5             6        0.83      5  49      42.96(0.22) -105.68(1.85)    0.53(0.05)    0.09(0.00)    0.01(0.00)    0.00(0.00)    0.00(0.00)    0.15(0.01)    0.01(0.00)    0.21(0.04) 
         4             7        0.57      9  15      34.53(0.12)  -90.23(0.27)    0.30(0.01)    0.09(0.00)    0.01(0.00)    0.00(0.00)    0.00(0.00)    0.42(0.02)    0.01(0.00)    0.16(0.01) 
         3             8        0.38     28  16      39.57(0.39)  -90.88(0.29)    0.37(0.00)    0.11(0.00)    0.13(0.00)    0.00(0.00)    0.01(0.00)    0.30(0.00)    0.01(0.00)    0.08(0.00) 
         3             5        0.60     26  49      42.63(0.42) -107.41(0.55)    0.50(0.01)    0.29(0.01)    0.01(0.00)    0.00(0.00)    0.00(0.00)    0.14(0.01)    0.01(0.00)    0.06(0.00) 
         2             5        0.40     20  48      44.28(0.05) -100.31(0.05)    0.40(0.01)    0.10(0.00)    0.01(0.00)    0.00(0.00)    0.00(0.00)    0.40(0.00)    0.01(0.00)    0.07(0.00) 
         2             4        0.50      0   3      36.66(0.62) -108.41(0.64)    0.55(0.03)    0.06(0.00)    0.01(0.00)    0.00(0.00)    0.00(0.00)    0.15(0.01)    0.01(0.00)    0.23(0.03) 
         2             2        1.00     11   8      33.32(0.00)  -89.27(0.00)    0.53(0.00)    0.08(0.00)    0.01(0.00)    0.00(0.00)    0.00(0.00)    0.31(0.00)    0.01(0.00)    0.06(0.00) 
         2             1        2.00     28   0      38.89(0.00)  -96.48(0.00)    0.46(0.00)    0.14(0.00)    0.02(0.00)    0.04(0.00)    0.01(0.00)    0.23(0.00)    0.01(0.00)    0.10(0.00) 
         1             4        0.25      1  26      40.60(0.00)  -90.00(0.00)    0.36(0.00)    0.11(0.00)    0.10(0.00)    0.00(0.00)    0.00(0.00)    0.18(0.00)    0.01(0.00)    0.24(0.00) 
         1             1        1.00     44  20      35.24(0.00)  -91.32(0.00)    0.33(0.00)    0.20(0.00)    0.01(0.00)    0.00(0.00)    0.00(0.00)    0.17(0.00)    0.01(0.00)    0.27(0.00) 
         1             1        1.00     42  14      39.56(0.00)  -87.03(0.00)    0.29(0.00)    0.40(0.00)    0.01(0.00)    0.00(0.00)    0.00(0.00)    0.15(0.00)    0.01(0.00)    0.14(0.00) 
