       143             7       20.43     14   9      36.47(0.29) -106.91(0.47)    0.74(0.00)    0.07(0.00)    0.01(0.00)    0.00(0.00)    0.00(0.00)    0.12(0.00)    0.01(0.00)    0.05(0.01) 
        63             5       12.60      3   0      38.42(1.61) -104.33(0.37)    0.30(0.01)    0.09(0.00)    0.01(0.00)    0.00(0.00)    0.00(0.00)    0.52(0.00)    0.01(0.00)    0.07(0.00) 
        55             1       55.00     10   6      39.87(0.00)  -83.73(0.00)    0.76(0.00)    0.07(0.00)    0.01(0.00)    0.00(0.00)    0.00(0.00)    0.11(0.00)    0.01(0.00)    0.04(0.00) 
        27             2       13.50      9   3      39.55(0.11)  -88.50(0.05)    0.32(0.00)    0.42(0.00)    0.01(0.00)    0.00(0.00)    0.00(0.00)    0.16(0.00)    0.01(0.00)    0.07(0.00) 
        22             2       11.00      5   4      40.65(0.03)  -87.90(0.81)    0.29(0.00)    0.09(0.00)    0.01(0.00)    0.00(0.00)    0.01(0.00)    0.53(0.01)    0.01(0.00)    0.06(0.00) 
        20             3        6.67     10   0      39.10(1.06) -103.64(0.44)    0.33(0.01)    0.41(0.01)    0.01(0.00)    0.00(0.00)    0.00(0.00)    0.17(0.00)    0.01(0.00)    0.07(0.00) 
        10             3        3.33      0   7      38.22(0.88)  -94.30(1.13)    0.42(0.00)    0.13(0.00)    0.13(0.00)    0.00(0.00)    0.01(0.00)    0.21(0.00)    0.01(0.00)    0.09(0.00) 
        10             2        5.00      0  14      39.19(0.01)  -93.38(0.27)    0.42(0.00)    0.13(0.00)    0.02(0.00)    0.00(0.00)    0.01(0.00)    0.21(0.00)    0.12(0.00)    0.09(0.00) 
         8             1        8.00     14  14      35.82(0.00) -109.60(0.00)    0.54(0.00)    0.06(0.00)    0.01(0.00)    0.00(0.00)    0.00(0.00)    0.35(0.00)    0.01(0.00)    0.04(0.00) 
         5             1        5.00      8   8      42.04(0.00)  -84.24(0.00)    0.72(0.00)    0.07(0.00)    0.01(0.00)    0.00(0.00)    0.00(0.00)    0.14(0.00)    0.01(0.00)    0.05(0.00) 
         5             1        5.00      5  14      37.45(0.00) -103.55(0.00)    0.38(0.00)    0.10(0.00)    0.01(0.00)    0.00(0.00)    0.00(0.00)    0.17(0.00)    0.01(0.00)    0.31(0.00) 
         5             1        5.00      0   2      35.28(0.00)  -94.44(0.00)    0.28(0.00)    0.09(0.00)    0.01(0.00)    0.00(0.00)    0.00(0.00)    0.50(0.00)    0.01(0.00)    0.10(0.00) 
