       232            85        2.73     27   4      44.85(3.01)  -66.46(7.09)    1.25(0.04)   -0.07(0.01)   -0.01(0.00)   -0.00(0.00)   -0.00(0.00)   -0.11(0.02)   -0.01(0.00)   -0.05(0.01) 
       216           108        2.00     29  20      34.00(3.60) -126.36(6.43)    1.24(0.03)   -0.07(0.01)   -0.01(0.00)   -0.00(0.00)   -0.00(0.00)   -0.11(0.03)   -0.01(0.00)   -0.05(0.01) 
       170           137        1.24     19  39      38.02(6.60)  -81.12(8.62)   -0.02(0.02)   -0.01(0.01)   -0.00(0.00)   -0.00(0.00)   -0.00(0.00)    1.03(0.02)   -0.00(0.00)   -0.00(0.01) 
        82            37        2.22      2   7      41.74(1.92)  -78.02(5.09)    0.02(0.01)    0.96(0.01)    0.00(0.00)    0.00(0.00)    0.00(0.00)    0.01(0.00)    0.00(0.00)    0.00(0.00) 
        35            47        0.74     27  33      43.22(4.28) -119.18(4.58)   -0.01(0.01)   -0.00(0.00)   -0.00(0.00)   -0.00(0.00)   -0.00(0.00)    1.01(0.02)   -0.00(0.00)   -0.00(0.00) 
        34            17        2.00      1  18      35.67(1.82) -116.89(2.35)    0.03(0.00)    0.95(0.01)    0.00(0.00)    0.00(0.00)    0.00(0.00)    0.02(0.00)    0.00(0.00)    0.01(0.00) 
        34            15        2.27     10  27      33.26(0.80) -116.72(2.97)   -0.01(0.01)   -0.00(0.00)   -0.00(0.00)   -0.00(0.00)   -0.00(0.00)    1.02(0.01)   -0.00(0.00)   -0.00(0.00) 
        24            35        0.69     43   3      52.80(1.53) -131.31(0.33)    1.15(0.02)   -0.04(0.00)   -0.01(0.00)   -0.00(0.00)   -0.00(0.00)   -0.07(0.01)   -0.00(0.00)   -0.03(0.00) 
        23            20        1.15     37  10      49.11(1.53) -131.91(0.67)    1.18(0.01)   -0.05(0.00)   -0.01(0.00)   -0.00(0.00)   -0.00(0.00)   -0.08(0.00)   -0.00(0.00)   -0.03(0.00) 
        19            10        1.90     13   5      39.13(2.25)  -78.48(2.99)    0.04(0.00)    0.01(0.00)    0.00(0.00)    0.00(0.00)    0.00(0.00)    0.02(0.00)    0.00(0.00)    0.92(0.01) 
        19             8        2.38      9   1      47.17(2.96)  -94.91(3.93)    0.04(0.01)    0.01(0.00)    0.00(0.00)    0.00(0.00)    0.00(0.00)    0.02(0.00)    0.00(0.00)    0.93(0.01) 
        15             6        2.50      0  24      47.49(0.82) -119.80(0.60)    0.05(0.00)    0.92(0.00)    0.00(0.00)    0.00(0.00)    0.00(0.00)    0.02(0.00)    0.00(0.00)    0.01(0.00) 
        11             7        1.57     36   4      56.77(1.54) -117.81(3.54)    1.19(0.01)   -0.05(0.00)   -0.01(0.00)   -0.00(0.00)   -0.00(0.00)   -0.09(0.01)   -0.00(0.00)   -0.03(0.00) 
        10             5        2.00      0  33      37.63(4.30)  -81.93(4.43)    0.07(0.00)    0.02(0.00)    0.00(0.00)    0.00(0.00)    0.00(0.00)    0.03(0.00)    0.86(0.00)    0.01(0.00) 
        10             3        3.33     14   9      33.03(0.05)  -93.57(1.45)    0.03(0.00)    0.01(0.00)    0.00(0.00)    0.00(0.00)    0.00(0.00)    0.02(0.00)    0.00(0.00)    0.94(0.00) 
         9             3        3.00      6  13      26.99(0.00)  -81.46(0.00)    0.04(0.00)    0.93(0.00)    0.00(0.00)    0.00(0.00)    0.00(0.00)    0.02(0.00)    0.00(0.00)    0.01(0.00) 
         8             3        2.67     21  12      23.48(0.73)  -75.48(0.48)    1.23(0.01)   -0.06(0.00)   -0.01(0.00)   -0.00(0.00)   -0.00(0.00)   -0.11(0.00)   -0.01(0.00)   -0.04(0.00) 
         7             2        3.50     25  10      31.75(1.23)  -76.82(1.58)    1.30(0.00)   -0.08(0.00)   -0.01(0.00)   -0.00(0.00)   -0.00(0.00)   -0.14(0.00)   -0.01(0.00)   -0.06(0.00) 
         7             2        3.50     22  15      25.57(0.00)  -98.89(0.00)    1.29(0.00)   -0.08(0.00)   -0.01(0.00)   -0.00(0.00)   -0.00(0.00)   -0.13(0.00)   -0.01(0.00)   -0.05(0.00) 
         7             1        7.00     24  14      29.05(0.00)  -97.54(0.00)    1.31(0.00)   -0.09(0.00)   -0.01(0.00)   -0.00(0.00)   -0.00(0.00)   -0.14(0.00)   -0.01(0.00)   -0.06(0.00) 
         6             4        1.50     21  31      36.04(0.00) -116.04(0.00)   -0.02(0.00)   -0.01(0.00)   -0.00(0.00)   -0.00(0.00)   -0.00(0.00)    1.03(0.00)   -0.00(0.00)   -0.00(0.00) 
         6             2        3.00     15  13      34.47(0.00) -116.02(0.00)    0.04(0.00)    0.03(0.00)    0.00(0.00)    0.00(0.00)    0.00(0.00)    0.02(0.00)    0.00(0.00)    0.91(0.00) 
         6             1        6.00      4  21      39.66(0.00) -104.80(0.00)    0.01(0.00)    0.98(0.00)    0.00(0.00)    0.00(0.00)    0.00(0.00)    0.00(0.00)    0.00(0.00)    0.00(0.00) 
         4             2        2.00      3  15      30.69(0.00)  -97.47(0.00)    0.02(0.00)    0.97(0.00)    0.00(0.00)    0.00(0.00)    0.00(0.00)    0.01(0.00)    0.00(0.00)    0.00(0.00) 
         4             1        4.00     26  14      32.87(0.00) -105.74(0.00)    1.32(0.00)   -0.09(0.00)   -0.01(0.00)   -0.00(0.00)   -0.00(0.00)   -0.15(0.00)   -0.01(0.00)   -0.06(0.00) 
         2             2        1.00     19  35      38.76(0.00)  -94.70(0.00)   -0.05(0.00)   -0.01(0.00)   -0.00(0.00)   -0.00(0.00)   -0.00(0.00)    1.07(0.00)   -0.00(0.00)   -0.01(0.00) 
         2             1        2.00     33   6      48.53(0.00)  -91.62(0.00)    1.31(0.00)   -0.09(0.00)   -0.01(0.00)   -0.00(0.00)   -0.00(0.00)   -0.14(0.00)   -0.01(0.00)   -0.06(0.00) 
         2             1        2.00     29  49      57.73(0.00) -145.58(0.00)    0.47(0.00)   -0.12(0.00)   -0.02(0.00)   -0.00(0.00)   -0.01(0.00)    0.66(0.00)   -0.01(0.00)    0.02(0.00) 
         2             1        2.00      0  43      37.61(0.00) -117.42(0.00)    0.08(0.00)    0.02(0.00)    0.00(0.00)    0.83(0.00)    0.00(0.00)    0.04(0.00)    0.00(0.00)    0.02(0.00) 
         1             2        0.50      0  38      35.61(0.00) -114.91(0.00)    0.07(0.00)    0.02(0.00)    0.00(0.00)    0.00(0.00)    0.00(0.00)    0.04(0.00)    0.85(0.00)    0.02(0.00) 
         1             1        1.00     30  26      36.19(0.00) -140.80(0.00)    1.15(0.00)   -0.10(0.00)   -0.01(0.00)   -0.00(0.00)   -0.00(0.00)    0.05(0.00)   -0.01(0.00)   -0.07(0.00) 
